"""
KeyboardAction class
"""
import dataclasses

@dataclasses.dataclass
class KeyboardAction:
    """
    KeyboardAction class
    """
    FORWARD_STEP_1 = [[0.0, 121.52, 64.26, 0.0, 121.52, 64.26, 0.0, 121.52, 64.26, 0.0, 121.52, 64.26], [0.0, 124.92, 71.23, 0.0, 121.52, 64.26, 0.0, 124.92, 71.23, 0.0, 121.52, 64.26], [0.0, 128.04, 77.65, 0.0, 121.52, 64.26, 0.0, 128.04, 77.65, 0.0, 121.52, 64.26], [0.0, 130.96, 83.65, 0.0, 121.52, 64.26, 0.0, 130.96, 83.65, 0.0, 121.52, 64.26], [0.0, 133.7, 89.32, 0.0, 121.52, 64.26, 0.0, 133.7, 89.32, 0.0, 121.52, 64.26], [0.0, 136.31, 94.72, 0.0, 121.52, 64.26, 0.0, 136.31, 94.72, 0.0, 121.52, 64.26], [0.0, 138.79, 99.89, 0.0, 121.52, 64.26, 0.0, 138.79, 99.89, 0.0, 121.52, 64.26], [0.0, 141.18, 104.88, 0.0, 121.52, 64.26, 0.0, 141.18, 104.88, 0.0, 121.52, 64.26], [0.0, 143.47, 109.7, 0.0, 121.52, 64.26, 0.0, 143.47, 109.7, 0.0, 121.52, 64.26], [0.0, 145.69, 114.38, 0.0, 121.52, 64.26, 0.0, 145.69, 114.38, 0.0, 121.52, 64.26], [0.0, 147.83, 118.95, 0.0, 121.52, 64.26, 0.0, 147.83, 118.95, 0.0, 121.52, 64.26], [0.0, 143.94, 118.8, 0.0, 121.52, 64.26, 0.0, 143.94, 118.8, 0.0, 121.52, 64.26], [0.0, 139.95, 118.35, 0.0, 121.52, 64.26, 0.0, 139.95, 118.35, 0.0, 121.52, 64.26], [0.0, 135.89, 117.6, 0.0, 121.52, 64.26, 0.0, 135.89, 117.6, 0.0, 121.52, 64.26], [0.0, 131.78, 116.57, 0.0, 121.52, 64.26, 0.0, 131.78, 116.57, 0.0, 121.52, 64.26], [0.0, 127.66, 115.25, 0.0, 121.52, 64.26, 0.0, 127.66, 115.25, 0.0, 121.52, 64.26], [0.0, 123.55, 113.66, 0.0, 121.52, 64.26, 0.0, 123.55, 113.66, 0.0, 121.52, 64.26], [0.0, 119.46, 111.81, 0.0, 121.52, 64.26, 0.0, 119.46, 111.81, 0.0, 121.52, 64.26], [0.0, 115.4, 109.7, 0.0, 121.52, 64.26, 0.0, 115.4, 109.7, 0.0, 121.52, 64.26], [0.0, 111.39, 107.34, 0.0, 121.52, 64.26, 0.0, 111.39, 107.34, 0.0, 121.52, 64.26], [0.0, 107.42, 104.74, 0.0, 121.52, 64.26, 0.0, 107.42, 104.74, 0.0, 121.52, 64.26], [0.0, 106.54, 96.17, 0.0, 121.52, 64.26, 0.0, 106.54, 96.17, 0.0, 121.52, 64.26], [0.0, 104.67, 86.69, 0.0, 121.52, 64.26, 0.0, 104.67, 86.69, 0.0, 121.52, 64.26], [0.0, 101.79, 76.03, 0.0, 121.52, 64.26, 0.0, 101.79, 76.03, 0.0, 121.52, 64.26], [0.0, 97.74, 63.68, 0.0, 121.52, 64.26, 0.0, 97.74, 63.68, 0.0, 121.52, 64.26], [0.0, 91.97, 48.41, 0.0, 121.52, 64.26, 0.0, 91.97, 48.41, 0.0, 121.52, 64.26]]
    FORWARD_STEP_2 = [[0.0, 91.97, 48.41, 0.0, 121.52, 64.26, 0.0, 91.97, 48.41, 0.0, 121.52, 64.26], [0.0, 95.95, 52.0, 0.0, 123.98, 64.08, 0.0, 95.95, 52.0, 0.0, 123.98, 64.08], [0.0, 99.73, 55.03, 0.0, 126.25, 63.54, 0.0, 99.73, 55.03, 0.0, 126.25, 63.54], [0.0, 103.32, 57.57, 0.0, 128.32, 62.63, 0.0, 103.32, 57.57, 0.0, 128.32, 62.63], [0.0, 106.75, 59.66, 0.0, 130.18, 61.34, 0.0, 106.75, 59.66, 0.0, 130.18, 61.34], [0.0, 110.01, 61.34, 0.0, 131.8, 59.66, 0.0, 110.01, 61.34, 0.0, 131.8, 59.66], [0.0, 113.13, 62.63, 0.0, 133.18, 57.57, 0.0, 113.13, 62.63, 0.0, 133.18, 57.57], [0.0, 116.09, 63.54, 0.0, 134.29, 55.03, 0.0, 116.09, 63.54, 0.0, 134.29, 55.03], [0.0, 118.89, 64.08, 0.0, 135.1, 52.0, 0.0, 118.89, 64.08, 0.0, 135.1, 52.0], [0.0, 121.52, 64.26, 0.0, 135.57, 48.41, 0.0, 121.52, 64.26, 0.0, 135.57, 48.41]]
    FORWARD_STEP_3 = [[0.0, 121.52, 64.26, 0.0, 135.57, 48.41, 0.0, 121.52, 64.26, 0.0, 135.57, 48.41], [0.0, 121.52, 64.26, 0.0, 140.37, 56.54, 0.0, 121.52, 64.26, 0.0, 140.37, 56.54], [0.0, 121.52, 64.26, 0.0, 144.73, 63.68, 0.0, 121.52, 64.26, 0.0, 144.73, 63.68], [0.0, 121.52, 64.26, 0.0, 148.82, 70.11, 0.0, 121.52, 64.26, 0.0, 148.82, 70.11], [0.0, 121.52, 64.26, 0.0, 152.72, 76.03, 0.0, 121.52, 64.26, 0.0, 152.72, 76.03], [0.0, 121.52, 64.26, 0.0, 156.49, 81.53, 0.0, 121.52, 64.26, 0.0, 156.49, 81.53], [0.0, 121.52, 64.26, 0.0, 160.19, 86.69, 0.0, 121.52, 64.26, 0.0, 160.19, 86.69], [0.0, 121.52, 64.26, 0.0, 163.84, 91.56, 0.0, 121.52, 64.26, 0.0, 163.84, 91.56], [0.0, 121.52, 64.26, 0.0, 167.47, 96.17, 0.0, 121.52, 64.26, 0.0, 167.47, 96.17], [0.0, 121.52, 64.26, 0.0, 171.12, 100.56, 0.0, 121.52, 64.26, 0.0, 171.12, 100.56], [0.0, 121.52, 64.26, 0.0, 174.8, 104.74, 0.0, 121.52, 64.26, 0.0, 174.8, 104.74], [0.0, 121.52, 64.26, 0.0, 171.54, 109.7, 0.0, 121.52, 64.26, 0.0, 171.54, 109.7], [0.0, 121.52, 64.26, 0.0, 167.15, 113.66, 0.0, 121.52, 64.26, 0.0, 167.15, 113.66], [0.0, 121.52, 64.26, 0.0, 161.65, 116.57, 0.0, 121.52, 64.26, 0.0, 161.65, 116.57], [0.0, 121.52, 64.26, 0.0, 155.14, 118.35, 0.0, 121.52, 64.26, 0.0, 155.14, 118.35], [0.0, 121.52, 64.26, 0.0, 147.83, 118.95, 0.0, 121.52, 64.26, 0.0, 147.83, 118.95], [0.0, 121.52, 64.26, 0.0, 139.95, 118.35, 0.0, 121.52, 64.26, 0.0, 139.95, 118.35], [0.0, 121.52, 64.26, 0.0, 131.78, 116.57, 0.0, 121.52, 64.26, 0.0, 131.78, 116.57], [0.0, 121.52, 64.26, 0.0, 123.55, 113.66, 0.0, 121.52, 64.26, 0.0, 123.55, 113.66], [0.0, 121.52, 64.26, 0.0, 115.4, 109.7, 0.0, 121.52, 64.26, 0.0, 115.4, 109.7], [0.0, 121.52, 64.26, 0.0, 107.42, 104.74, 0.0, 121.52, 64.26, 0.0, 107.42, 104.74], [0.0, 121.52, 64.26, 0.0, 106.54, 96.17, 0.0, 121.52, 64.26, 0.0, 106.54, 96.17], [0.0, 121.52, 64.26, 0.0, 104.67, 86.69, 0.0, 121.52, 64.26, 0.0, 104.67, 86.69], [0.0, 121.52, 64.26, 0.0, 101.79, 76.03, 0.0, 121.52, 64.26, 0.0, 101.79, 76.03], [0.0, 121.52, 64.26, 0.0, 97.74, 63.68, 0.0, 121.52, 64.26, 0.0, 97.74, 63.68], [0.0, 121.52, 64.26, 0.0, 91.97, 48.41, 0.0, 121.52, 64.26, 0.0, 91.97, 48.41]]
    
    FORWARD_STEP_4 = [[0.0, 121.52, 64.26, 0.0, 91.97, 48.41, 0.0, 121.52, 64.26, 0.0, 91.97, 48.41], [0.0, 123.98, 64.08, 0.0, 95.95, 52.0, 0.0, 123.98, 64.08, 0.0, 95.95, 52.0], [0.0, 126.25, 63.54, 0.0, 99.73, 55.03, 0.0, 126.25, 63.54, 0.0, 99.73, 55.03], [0.0, 128.32, 62.63, 0.0, 103.32, 57.57, 0.0, 128.32, 62.63, 0.0, 103.32, 57.57], [0.0, 130.18, 61.34, 0.0, 106.75, 59.66, 0.0, 130.18, 61.34, 0.0, 106.75, 59.66], [0.0, 131.8, 59.66, 0.0, 110.01, 61.34, 0.0, 131.8, 59.66, 0.0, 110.01, 61.34], [0.0, 133.18, 57.57, 0.0, 113.13, 62.63, 0.0, 133.18, 57.57, 0.0, 113.13, 62.63], [0.0, 134.29, 55.03, 0.0, 116.09, 63.54, 0.0, 134.29, 55.03, 0.0, 116.09, 63.54], [0.0, 135.1, 52.0, 0.0, 118.89, 64.08, 0.0, 135.1, 52.0, 0.0, 118.89, 64.08], [0.0, 135.57, 48.41, 0.0, 121.52, 64.26, 0.0, 135.57, 48.41, 0.0, 121.52, 64.26]]
    FORWARD_STEP_5 = [[0.0, 135.57, 48.41, 0.0, 121.52, 64.26, 0.0, 135.57, 48.41, 0.0, 121.52, 64.26], [0.0, 140.37, 56.54, 0.0, 121.52, 64.26, 0.0, 140.37, 56.54, 0.0, 121.52, 64.26], [0.0, 144.73, 63.68, 0.0, 121.52, 64.26, 0.0, 144.73, 63.68, 0.0, 121.52, 64.26], [0.0, 148.82, 70.11, 0.0, 121.52, 64.26, 0.0, 148.82, 70.11, 0.0, 121.52, 64.26], [0.0, 152.72, 76.03, 0.0, 121.52, 64.26, 0.0, 152.72, 76.03, 0.0, 121.52, 64.26], [0.0, 156.49, 81.53, 0.0, 121.52, 64.26, 0.0, 156.49, 81.53, 0.0, 121.52, 64.26], [0.0, 160.19, 86.69, 0.0, 121.52, 64.26, 0.0, 160.19, 86.69, 0.0, 121.52, 64.26], [0.0, 163.84, 91.56, 0.0, 121.52, 64.26, 0.0, 163.84, 91.56, 0.0, 121.52, 64.26], [0.0, 167.47, 96.17, 0.0, 121.52, 64.26, 0.0, 167.47, 96.17, 0.0, 121.52, 64.26], [0.0, 171.12, 100.56, 0.0, 121.52, 64.26, 0.0, 171.12, 100.56, 0.0, 121.52, 64.26], [0.0, 174.8, 104.74, 0.0, 121.52, 64.26, 0.0, 174.8, 104.74, 0.0, 121.52, 64.26], [0.0, 171.54, 109.7, 0.0, 121.52, 64.26, 0.0, 171.54, 109.7, 0.0, 121.52, 64.26], [0.0, 167.15, 113.66, 0.0, 121.52, 64.26, 0.0, 167.15, 113.66, 0.0, 121.52, 64.26], [0.0, 161.65, 116.57, 0.0, 121.52, 64.26, 0.0, 161.65, 116.57, 0.0, 121.52, 64.26], [0.0, 155.14, 118.35, 0.0, 121.52, 64.26, 0.0, 155.14, 118.35, 0.0, 121.52, 64.26], [0.0, 147.83, 118.95, 0.0, 121.52, 64.26, 0.0, 147.83, 118.95, 0.0, 121.52, 64.26], [0.0, 139.95, 118.35, 0.0, 121.52, 64.26, 0.0, 139.95, 118.35, 0.0, 121.52, 64.26], [0.0, 131.78, 116.57, 0.0, 121.52, 64.26, 0.0, 131.78, 116.57, 0.0, 121.52, 64.26], [0.0, 123.55, 113.66, 0.0, 121.52, 64.26, 0.0, 123.55, 113.66, 0.0, 121.52, 64.26], [0.0, 115.4, 109.7, 0.0, 121.52, 64.26, 0.0, 115.4, 109.7, 0.0, 121.52, 64.26], [0.0, 107.42, 104.74, 0.0, 121.52, 64.26, 0.0, 107.42, 104.74, 0.0, 121.52, 64.26], [0.0, 106.54, 96.17, 0.0, 121.52, 64.26, 0.0, 106.54, 96.17, 0.0, 121.52, 64.26], [0.0, 104.67, 86.69, 0.0, 121.52, 64.26, 0.0, 104.67, 86.69, 0.0, 121.52, 64.26], [0.0, 101.79, 76.03, 0.0, 121.52, 64.26, 0.0, 101.79, 76.03, 0.0, 121.52, 64.26], [0.0, 97.74, 63.68, 0.0, 121.52, 64.26, 0.0, 97.74, 63.68, 0.0, 121.52, 64.26], [0.0, 91.97, 48.41, 0.0, 121.52, 64.26, 0.0, 91.97, 48.41, 0.0, 121.52, 64.26]]
    
    # make dog height from 0.15 to 0.20
    FORWARD_STEP_j = [[0.0, 136.31, 94.72, 0.0, 136.31, 94.72, 0.0, 136.31, 94.72, 0.0, 136.31, 94.72], [0.0, 136.83, 95.81, 0.0, 136.83, 95.81, 0.0, 136.83, 95.81, 0.0, 136.83, 95.81], [0.0, 137.36, 96.9, 0.0, 137.36, 96.9, 0.0, 137.36, 96.9, 0.0, 137.36, 96.9], [0.0, 137.87, 97.98, 0.0, 137.87, 97.98, 0.0, 137.87, 97.98, 0.0, 137.87, 97.98], [0.0, 138.39, 99.04, 0.0, 138.39, 99.04, 0.0, 138.39, 99.04, 0.0, 138.39, 99.04], [0.0, 138.89, 100.1, 0.0, 138.89, 100.1, 0.0, 138.89, 100.1, 0.0, 138.89, 100.1], [0.0, 139.4, 101.16, 0.0, 139.4, 101.16, 0.0, 139.4, 101.16, 0.0, 139.4, 101.16], [0.0, 139.9, 102.2, 0.0, 139.9, 102.2, 0.0, 139.9, 102.2, 0.0, 139.9, 102.2], [0.0, 140.39, 103.24, 0.0, 140.39, 103.24, 0.0, 140.39, 103.24, 0.0, 140.39, 103.24], [0.0, 140.88, 104.26, 0.0, 140.88, 104.26, 0.0, 140.88, 104.26, 0.0, 140.88, 104.26], [0.0, 141.37, 105.29, 0.0, 141.37, 105.29, 0.0, 141.37, 105.29, 0.0, 141.37, 105.29], [0.0, 141.86, 106.3, 0.0, 141.86, 106.3, 0.0, 141.86, 106.3, 0.0, 141.86, 106.3], [0.0, 142.34, 107.31, 0.0, 142.34, 107.31, 0.0, 142.34, 107.31, 0.0, 142.34, 107.31], [0.0, 142.81, 108.31, 0.0, 142.81, 108.31, 0.0, 142.81, 108.31, 0.0, 142.81, 108.31], [0.0, 143.28, 109.3, 0.0, 143.28, 109.3, 0.0, 143.28, 109.3, 0.0, 143.28, 109.3], [0.0, 143.75, 110.29, 0.0, 143.75, 110.29, 0.0, 143.75, 110.29, 0.0, 143.75, 110.29], [0.0, 144.22, 111.28, 0.0, 144.22, 111.28, 0.0, 144.22, 111.28, 0.0, 144.22, 111.28], [0.0, 144.68, 112.25, 0.0, 144.68, 112.25, 0.0, 144.68, 112.25, 0.0, 144.68, 112.25], [0.0, 145.14, 113.23, 0.0, 145.14, 113.23, 0.0, 145.14, 113.23, 0.0, 145.14, 113.23], [0.0, 145.6, 114.19, 0.0, 145.6, 114.19, 0.0, 145.6, 114.19, 0.0, 145.6, 114.19], [0.0, 146.05, 115.15, 0.0, 146.05, 115.15, 0.0, 146.05, 115.15, 0.0, 146.05, 115.15], [0.0, 146.5, 116.11, 0.0, 146.5, 116.11, 0.0, 146.5, 116.11, 0.0, 146.5, 116.11], [0.0, 146.95, 117.06, 0.0, 146.95, 117.06, 0.0, 146.95, 117.06, 0.0, 146.95, 117.06], [0.0, 147.39, 118.01, 0.0, 147.39, 118.01, 0.0, 147.39, 118.01, 0.0, 147.39, 118.01], [0.0, 147.83, 118.95, 0.0, 147.83, 118.95, 0.0, 147.83, 118.95, 0.0, 147.83, 118.95]]
    # make dog height form 0.25 to 0.15
    FORWARD_STEP_u = [[0.0, 147.83, 118.95, 0.0, 147.83, 118.95, 0.0, 147.83, 118.95, 0.0, 147.83, 118.95], [0.0, 147.39, 118.01, 0.0, 147.39, 118.01, 0.0, 147.39, 118.01, 0.0, 147.39, 118.01], [0.0, 146.95, 117.06, 0.0, 146.95, 117.06, 0.0, 146.95, 117.06, 0.0, 146.95, 117.06], [0.0, 146.5, 116.11, 0.0, 146.5, 116.11, 0.0, 146.5, 116.11, 0.0, 146.5, 116.11], [0.0, 146.05, 115.15, 0.0, 146.05, 115.15, 0.0, 146.05, 115.15, 0.0, 146.05, 115.15], [0.0, 145.6, 114.19, 0.0, 145.6, 114.19, 0.0, 145.6, 114.19, 0.0, 145.6, 114.19], [0.0, 145.14, 113.23, 0.0, 145.14, 113.23, 0.0, 145.14, 113.23, 0.0, 145.14, 113.23], [0.0, 144.68, 112.25, 0.0, 144.68, 112.25, 0.0, 144.68, 112.25, 0.0, 144.68, 112.25], [0.0, 144.22, 111.28, 0.0, 144.22, 111.28, 0.0, 144.22, 111.28, 0.0, 144.22, 111.28], [0.0, 143.75, 110.29, 0.0, 143.75, 110.29, 0.0, 143.75, 110.29, 0.0, 143.75, 110.29], [0.0, 143.28, 109.3, 0.0, 143.28, 109.3, 0.0, 143.28, 109.3, 0.0, 143.28, 109.3], [0.0, 142.81, 108.31, 0.0, 142.81, 108.31, 0.0, 142.81, 108.31, 0.0, 142.81, 108.31], [0.0, 142.34, 107.31, 0.0, 142.34, 107.31, 0.0, 142.34, 107.31, 0.0, 142.34, 107.31], [0.0, 141.86, 106.3, 0.0, 141.86, 106.3, 0.0, 141.86, 106.3, 0.0, 141.86, 106.3], [0.0, 141.37, 105.29, 0.0, 141.37, 105.29, 0.0, 141.37, 105.29, 0.0, 141.37, 105.29], [0.0, 140.88, 104.26, 0.0, 140.88, 104.26, 0.0, 140.88, 104.26, 0.0, 140.88, 104.26], [0.0, 140.39, 103.24, 0.0, 140.39, 103.24, 0.0, 140.39, 103.24, 0.0, 140.39, 103.24], [0.0, 139.9, 102.2, 0.0, 139.9, 102.2, 0.0, 139.9, 102.2, 0.0, 139.9, 102.2], [0.0, 139.4, 101.16, 0.0, 139.4, 101.16, 0.0, 139.4, 101.16, 0.0, 139.4, 101.16], [0.0, 138.89, 100.1, 0.0, 138.89, 100.1, 0.0, 138.89, 100.1, 0.0, 138.89, 100.1], [0.0, 138.39, 99.04, 0.0, 138.39, 99.04, 0.0, 138.39, 99.04, 0.0, 138.39, 99.04], [0.0, 137.87, 97.98, 0.0, 137.87, 97.98, 0.0, 137.87, 97.98, 0.0, 137.87, 97.98], [0.0, 137.36, 96.9, 0.0, 137.36, 96.9, 0.0, 137.36, 96.9, 0.0, 137.36, 96.9], [0.0, 136.83, 95.81, 0.0, 136.83, 95.81, 0.0, 136.83, 95.81, 0.0, 136.83, 95.81], [0.0, 136.31, 94.72, 0.0, 136.31, 94.72, 0.0, 136.31, 94.72, 0.0, 136.31, 94.72]]
    
    FORWARD_STEP_7 = [[0.0, 62.83, 25.26, 0.0, 131.44, 82.88, 0.0, 62.83, 25.26, 0.0, 131.44, 82.88], [0.0, 68.42, 33.72, 0.0, 138.82, 87.71, 0.0, 68.42, 33.72, 0.0, 138.82, 87.71], [0.0, 73.13, 40.29, 0.0, 139.14, 93.08, 0.0, 73.13, 40.29, 0.0, 139.14, 93.08], [0.0, 77.36, 45.79, 0.0, 139.01, 98.02, 0.0, 77.36, 45.79, 0.0, 139.01, 98.02], [0.0, 81.27, 50.55, 0.0, 138.42, 102.57, 0.0, 81.27, 50.55, 0.0, 138.42, 102.57], [0.0, 84.97, 54.76, 0.0, 137.35, 106.73, 0.0, 84.97, 54.76, 0.0, 137.35, 106.73], [0.0, 88.5, 58.53, 0.0, 135.79, 110.5, 0.0, 88.5, 58.53, 0.0, 135.79, 110.5], [0.0, 91.9, 61.92, 0.0, 133.7, 113.88, 0.0, 91.9, 61.92, 0.0, 133.7, 113.88], [0.0, 95.2, 64.98, 0.0, 131.07, 116.85, 0.0, 95.2, 64.98, 0.0, 131.07, 116.85], [0.0, 98.41, 67.75, 0.0, 127.19, 115.48, 0.0, 98.41, 67.75, 0.0, 127.19, 115.48], [0.0, 101.54, 70.24, 0.0, 123.31, 113.88, 0.0, 101.54, 70.24, 0.0, 123.31, 113.88], [0.0, 104.6, 72.49, 0.0, 119.47, 112.06, 0.0, 104.6, 72.49, 0.0, 119.47, 112.06], [0.0, 107.6, 74.5, 0.0, 115.66, 110.03, 0.0, 107.6, 74.5, 0.0, 115.66, 110.03], [0.0, 110.53, 76.28, 0.0, 111.89, 107.78, 0.0, 110.53, 76.28, 0.0, 111.89, 107.78], [0.0, 113.4, 77.84, 0.0, 108.16, 105.33, 0.0, 113.4, 77.84, 0.0, 108.16, 105.33], [0.0, 116.2, 79.19, 0.0, 104.47, 102.68, 0.0, 116.2, 79.19, 0.0, 104.47, 102.68], [0.0, 118.94, 80.32, 0.0, 97.01, 92.31, 0.0, 118.94, 80.32, 0.0, 97.01, 92.31], [0.0, 121.6, 81.25, 0.0, 89.58, 82.43, 0.0, 121.6, 81.25, 0.0, 89.58, 82.43], [0.0, 124.19, 81.96, 0.0, 80.83, 65.63, 0.0, 124.19, 81.96, 0.0, 80.83, 65.63], [0.0, 126.7, 82.48, 0.0, 69.5, 43.54, 0.0, 126.7, 82.48, 0.0, 69.5, 43.54], [0.0, 129.12, 82.78, 0.0, 62.83, 25.26, 0.0, 129.12, 82.78, 0.0, 62.83, 25.26]]
    FORWARD_STEP_8 = [[0.0, 131.44, 82.88, 0.0, 131.44, 82.88, 0.0, 131.44, 82.88, 0.0, 131.44, 82.88], [0.0, 138.82, 87.71, 0.0, 131.44, 82.88, 0.0, 138.82, 87.71, 0.0, 131.44, 82.88], [0.0, 139.14, 93.08, 0.0, 131.44, 82.88, 0.0, 139.14, 93.08, 0.0, 131.44, 82.88], [0.0, 139.01, 98.02, 0.0, 131.44, 82.88, 0.0, 139.01, 98.02, 0.0, 131.44, 82.88], [0.0, 138.42, 102.57, 0.0, 131.44, 82.88, 0.0, 138.42, 102.57, 0.0, 131.44, 82.88], [0.0, 137.35, 106.73, 0.0, 131.44, 82.88, 0.0, 137.35, 106.73, 0.0, 131.44, 82.88], [0.0, 135.79, 110.5, 0.0, 131.44, 82.88, 0.0, 135.79, 110.5, 0.0, 131.44, 82.88], [0.0, 133.7, 113.88, 0.0, 131.44, 82.88, 0.0, 133.7, 113.88, 0.0, 131.44, 82.88], [0.0, 131.07, 116.85, 0.0, 131.44, 82.88, 0.0, 131.07, 116.85, 0.0, 131.44, 82.88], [0.0, 127.19, 115.48, 0.0, 131.44, 82.88, 0.0, 127.19, 115.48, 0.0, 131.44, 82.88], [0.0, 123.31, 113.88, 0.0, 131.44, 82.88, 0.0, 123.31, 113.88, 0.0, 131.44, 82.88], [0.0, 119.47, 112.06, 0.0, 131.44, 82.88, 0.0, 119.47, 112.06, 0.0, 131.44, 82.88], [0.0, 115.66, 110.03, 0.0, 131.44, 82.88, 0.0, 115.66, 110.03, 0.0, 131.44, 82.88], [0.0, 111.89, 107.78, 0.0, 131.44, 82.88, 0.0, 111.89, 107.78, 0.0, 131.44, 82.88], [0.0, 108.16, 105.33, 0.0, 131.44, 82.88, 0.0, 108.16, 105.33, 0.0, 131.44, 82.88], [0.0, 104.47, 102.68, 0.0, 131.44, 82.88, 0.0, 104.47, 102.68, 0.0, 131.44, 82.88], [0.0, 97.01, 92.31, 0.0, 131.44, 82.88, 0.0, 97.01, 92.31, 0.0, 131.44, 82.88], [0.0, 89.58, 82.43, 0.0, 131.44, 82.88, 0.0, 89.58, 82.43, 0.0, 131.44, 82.88], [0.0, 80.83, 65.63, 0.0, 131.44, 82.88, 0.0, 80.83, 65.63, 0.0, 131.44, 82.88], [0.0, 69.5, 43.54, 0.0, 131.44, 82.88, 0.0, 69.5, 43.54, 0.0, 131.44, 82.88], [0.0, 62.83, 25.26, 0.0, 131.44, 82.88, 0.0, 62.83, 25.26, 0.0, 131.44, 82.88]]
    FORWARD_STEP_9 = [[0.0, 131.44, 82.88, 0.0, 62.83, 25.26, 0.0, 131.44, 82.88, 0.0, 62.83, 25.26], [0.0, 138.82, 87.71, 0.0, 68.42, 33.72, 0.0, 138.82, 87.71, 0.0, 68.42, 33.72], [0.0, 139.14, 93.08, 0.0, 73.13, 40.29, 0.0, 139.14, 93.08, 0.0, 73.13, 40.29], [0.0, 139.01, 98.02, 0.0, 77.36, 45.79, 0.0, 139.01, 98.02, 0.0, 77.36, 45.79], [0.0, 138.42, 102.57, 0.0, 81.27, 50.55, 0.0, 138.42, 102.57, 0.0, 81.27, 50.55], [0.0, 137.35, 106.73, 0.0, 84.97, 54.76, 0.0, 137.35, 106.73, 0.0, 84.97, 54.76], [0.0, 135.79, 110.5, 0.0, 88.5, 58.53, 0.0, 135.79, 110.5, 0.0, 88.5, 58.53], [0.0, 133.7, 113.88, 0.0, 91.9, 61.92, 0.0, 133.7, 113.88, 0.0, 91.9, 61.92], [0.0, 131.07, 116.85, 0.0, 95.2, 64.98, 0.0, 131.07, 116.85, 0.0, 95.2, 64.98], [0.0, 127.19, 115.48, 0.0, 98.41, 67.75, 0.0, 127.19, 115.48, 0.0, 98.41, 67.75], [0.0, 123.31, 113.88, 0.0, 101.54, 70.24, 0.0, 123.31, 113.88, 0.0, 101.54, 70.24], [0.0, 119.47, 112.06, 0.0, 104.6, 72.49, 0.0, 119.47, 112.06, 0.0, 104.6, 72.49], [0.0, 115.66, 110.03, 0.0, 107.6, 74.5, 0.0, 115.66, 110.03, 0.0, 107.6, 74.5], [0.0, 111.89, 107.78, 0.0, 110.53, 76.28, 0.0, 111.89, 107.78, 0.0, 110.53, 76.28], [0.0, 108.16, 105.33, 0.0, 113.4, 77.84, 0.0, 108.16, 105.33, 0.0, 113.4, 77.84], [0.0, 104.47, 102.68, 0.0, 116.2, 79.19, 0.0, 104.47, 102.68, 0.0, 116.2, 79.19], [0.0, 97.01, 92.31, 0.0, 118.94, 80.32, 0.0, 97.01, 92.31, 0.0, 118.94, 80.32], [0.0, 89.58, 82.43, 0.0, 121.6, 81.25, 0.0, 89.58, 82.43, 0.0, 121.6, 81.25], [0.0, 80.83, 65.63, 0.0, 124.19, 81.96, 0.0, 80.83, 65.63, 0.0, 124.19, 81.96], [0.0, 69.5, 43.54, 0.0, 126.7, 82.48, 0.0, 69.5, 43.54, 0.0, 126.7, 82.48], [0.0, 62.83, 25.26, 0.0, 129.12, 82.78, 0.0, 62.83, 25.26, 0.0, 129.12, 82.78]]

    FORWARD_STEP_INIT  = [[0.0, 131.44, 82.88, 0.0, 131.44, 82.88, 0.0, 131.44, 82.88, 0.0, 131.44, 82.88], 
                          [0.0, 136.59, 93.19, 0.0, 131.44, 82.88, 0.0, 136.59, 93.19, 0.0, 131.44, 82.88], 
                          [0.0, 141.34, 102.68, 0.0, 131.44, 82.88, 0.0, 141.34, 102.68, 0.0, 131.44, 82.88], 
                          [0.0, 137.35, 106.73, 0.0, 131.44, 82.88, 0.0, 137.35, 106.73, 0.0, 131.44, 82.88], 
                          [0.0, 135.79, 110.5, 0.0, 131.44, 82.88, 0.0, 135.79, 110.5, 0.0, 131.44, 82.88], 
                          [0.0, 133.7, 113.88, 0.0, 131.44, 82.88, 0.0, 133.7, 113.88, 0.0, 131.44, 82.88], 
                          [0.0, 131.07, 116.85, 0.0, 131.44, 82.88, 0.0, 131.07, 116.85, 0.0, 131.44, 82.88], 
                          [0.0, 127.19, 115.48, 0.0, 131.44, 82.88, 0.0, 127.19, 115.48, 0.0, 131.44, 82.88], 
                          [0.0, 123.31, 113.88, 0.0, 131.44, 82.88, 0.0, 123.31, 113.88, 0.0, 131.44, 82.88], 
                          [0.0, 119.47, 112.06, 0.0, 131.44, 82.88, 0.0, 119.47, 112.06, 0.0, 131.44, 82.88], 
                          [0.0, 115.66, 110.03, 0.0, 131.44, 82.88, 0.0, 115.66, 110.03, 0.0, 131.44, 82.88], 
                          [0.0, 111.89, 107.78, 0.0, 131.44, 82.88, 0.0, 111.89, 107.78, 0.0, 131.44, 82.88], 
                          [0.0, 108.16, 105.33, 0.0, 131.44, 82.88, 0.0, 108.16, 105.33, 0.0, 131.44, 82.88], 
                          [0.0, 104.47, 102.68, 0.0, 131.44, 82.88, 0.0, 104.47, 102.68, 0.0, 131.44, 82.88], 
                          [0.0, 97.01, 92.31, 0.0, 131.44, 82.88, 0.0, 97.01, 92.31, 0.0, 131.44, 82.88], 
                          [0.0, 89.58, 82.43, 0.0, 131.44, 82.88, 0.0, 89.58, 82.43, 0.0, 131.44, 82.88], 
                          [0.0, 80.83, 65.63, 0.0, 131.44, 82.88, 0.0, 80.83, 65.63, 0.0, 131.44, 82.88], 
                          [0.0, 69.5, 43.54, 0.0, 131.44, 82.88, 0.0, 69.5, 43.54, 0.0, 131.44, 82.88], 
                          [0.0, 62.83, 25.26, 0.0, 131.44, 82.88, 0.0, 62.83, 25.26, 0.0, 131.44, 82.88]]
    FORWARD_STEP_LEFT  = [[0.0, 96.49, 66.12, 0.0, 131.44, 82.88, 0.0, 96.49, 66.12, 0.0, 131.44, 82.88], [0.0, 98.61, 67.91, 0.0, 136.59, 93.19, 0.0, 98.61, 67.91, 0.0, 136.59, 93.19], [0.0, 100.69, 69.59, 0.0, 141.34, 102.68, 0.0, 100.69, 69.59, 0.0, 141.34, 102.68], [0.0, 102.74, 71.15, 0.0, 137.35, 106.73, 0.0, 102.74, 71.15, 0.0, 137.35, 106.73], [0.0, 104.76, 72.6, 0.0, 135.79, 110.5, 0.0, 104.76, 72.6, 0.0, 135.79, 110.5], [0.0, 106.75, 73.95, 0.0, 133.7, 113.88, 0.0, 106.75, 73.95, 0.0, 133.7, 113.88], [0.0, 108.71, 75.2, 0.0, 131.07, 116.85, 0.0, 108.71, 75.2, 0.0, 131.07, 116.85], [0.0, 110.65, 76.35, 0.0, 127.19, 115.48, 0.0, 110.65, 76.35, 0.0, 127.19, 115.48], [0.0, 112.56, 77.41, 0.0, 123.31, 113.88, 0.0, 112.56, 77.41, 0.0, 123.31, 113.88], [0.0, 114.44, 78.36, 0.0, 119.47, 112.06, 0.0, 114.44, 78.36, 0.0, 119.47, 112.06], [0.0, 116.29, 79.23, 0.0, 115.66, 110.03, 0.0, 116.29, 79.23, 0.0, 115.66, 110.03], [0.0, 118.11, 80.0, 0.0, 111.89, 107.78, 0.0, 118.11, 80.0, 0.0, 111.89, 107.78], [0.0, 119.9, 80.68, 0.0, 108.16, 105.33, 0.0, 119.9, 80.68, 0.0, 108.16, 105.33], [0.0, 121.66, 81.26, 0.0, 104.47, 102.68, 0.0, 121.66, 81.26, 0.0, 104.47, 102.68], [0.0, 123.38, 81.76, 0.0, 97.01, 92.31, 0.0, 123.38, 81.76, 0.0, 97.01, 92.31], [0.0, 125.07, 82.16, 0.0, 89.58, 82.43, 0.0, 125.07, 82.16, 0.0, 89.58, 82.43], [0.0, 126.73, 82.48, 0.0, 80.83, 65.63, 0.0, 126.73, 82.48, 0.0, 80.83, 65.63], [0.0, 128.34, 82.7, 0.0, 69.5, 43.54, 0.0, 128.34, 82.7, 0.0, 69.5, 43.54], [0.0, 129.91, 82.84, 0.0, 62.83, 25.26, 0.0, 129.91, 82.84, 0.0, 62.83, 25.26]]
    FORWARD_STEP_RIGHT = [[0.0, 131.44, 82.88, 0.0, 96.49, 66.12, 0.0, 131.44, 82.88, 0.0, 96.49, 66.12], [0.0, 136.59, 93.19, 0.0, 98.61, 67.91, 0.0, 136.59, 93.19, 0.0, 98.61, 67.91], [0.0, 141.34, 102.68, 0.0, 100.69, 69.59, 0.0, 141.34, 102.68, 0.0, 100.69, 69.59], [0.0, 137.35, 106.73, 0.0, 102.74, 71.15, 0.0, 137.35, 106.73, 0.0, 102.74, 71.15], [0.0, 135.79, 110.5, 0.0, 104.76, 72.6, 0.0, 135.79, 110.5, 0.0, 104.76, 72.6], [0.0, 133.7, 113.88, 0.0, 106.75, 73.95, 0.0, 133.7, 113.88, 0.0, 106.75, 73.95], [0.0, 131.07, 116.85, 0.0, 108.71, 75.2, 0.0, 131.07, 116.85, 0.0, 108.71, 75.2], [0.0, 127.19, 115.48, 0.0, 110.65, 76.35, 0.0, 127.19, 115.48, 0.0, 110.65, 76.35], [0.0, 123.31, 113.88, 0.0, 112.56, 77.41, 0.0, 123.31, 113.88, 0.0, 112.56, 77.41], [0.0, 119.47, 112.06, 0.0, 114.44, 78.36, 0.0, 119.47, 112.06, 0.0, 114.44, 78.36], [0.0, 115.66, 110.03, 0.0, 116.29, 79.23, 0.0, 115.66, 110.03, 0.0, 116.29, 79.23], [0.0, 111.89, 107.78, 0.0, 118.11, 80.0, 0.0, 111.89, 107.78, 0.0, 118.11, 80.0], [0.0, 108.16, 105.33, 0.0, 119.9, 80.68, 0.0, 108.16, 105.33, 0.0, 119.9, 80.68], [0.0, 104.47, 102.68, 0.0, 121.66, 81.26, 0.0, 104.47, 102.68, 0.0, 121.66, 81.26], [0.0, 97.01, 92.31, 0.0, 123.38, 81.76, 0.0, 97.01, 92.31, 0.0, 123.38, 81.76], [0.0, 89.58, 82.43, 0.0, 125.07, 82.16, 0.0, 89.58, 82.43, 0.0, 125.07, 82.16], [0.0, 80.83, 65.63, 0.0, 126.73, 82.48, 0.0, 80.83, 65.63, 0.0, 126.73, 82.48], [0.0, 69.5, 43.54, 0.0, 128.34, 82.7, 0.0, 69.5, 43.54, 0.0, 128.34, 82.7], [0.0, 62.83, 25.26, 0.0, 129.91, 82.84, 0.0, 62.83, 25.26, 0.0, 129.91, 82.84]]